100
2 1
100 20
200 10
2 2
100 20
200 10
3 2
100 10
100 10
100 10
4 2
9 3
7 1
10 1
8 4
3 2
247901 44
27393 2754
24621 2775
10 4
791432 263736
434404 288308
637997 47152
702113 308535
172764 711055
121703 992496
404108 150441
61553 748164
734589 320146
117179 58591
3 2
162792 138417
50616 445179
471366 47804
6 2
201488 45
22258 2090
29418 2633
280210 75
21094 2031
24088 2790
10 6
8463 987624
13416 623007
79112 105651
129688 64449
957528 8729
23478 356004
39556 211302
145899 57288
83979 99528
875394 9548
9 5
12672 8
3119 306395
3982 344614
3261 310090
3212 308034
3438 347498
3666 315060
3985 354441
12154 56
10 6
67158 271932
191828 95202
47601 383656
51987 351288
263466 69316
25704 710489
61659 296184
120744 151249
132804 137514
45322 402948
3 2
124419 489863
520282 123577
231390 454229
4 2
18828 37
3020 326287
3252 311690
3807 368931
2 1
473560 266510
556461 942448
10 6
115884 185402
271092 79254
28971 741608
135198 158916
813276 26418
95571 224808
244188 87986
59508 361046
464202 46284
42476 505818
10 5
26880 2541
214656 48
280198 42
24211 2124
29654 2152
264283 69
25459 2047
20197 2822
22323 2947
26644 2884
5 3
465682 23868
35496 313131
20646 538356
33852 328338
104377 106488
9 3
20241 2934
255875 1
29500 2118
26815 2744
20495 2598
256256 15
24887 2799
21459 2826
26991 2891
3 1
74489 697206
152669 340175
163095 318429
6 2
3935 363406
3597 398789
11731 12
11150 9
3796 379446
3993 376438
4 1
415043 127720
151271 350426
264914 200100
887794 59709
4 1
97164 599280
367764 158331
637240 91376
311442 186964
9 5
89397 172856
320292 48246
966042 15996
56826 271932
102168 151249
205282 75276
444276 34782
329681 46872
349074 44268
9 6
23605 2384
207427 49
26532 2972
23072 2159
23580 2439
249129 93
24039 2232
20715 2235
27627 2265
2 1
227816 45
29321 2194
6 3
3524 338019
11788 24
13279 31
3757 387163
3304 344387
3938 357735
5 3
17865 79
3582 355843
3687 310134
10429 19
4000 356317
7 1
26650 2277
29098 2740
22775 2166
26433 2008
290978 62
281175 12
23264 2955
3 2
504252 16082
924462 8772
29799 272136
5 3
67450 517180
360035 96890
392248 88933
184199 189381
544141 64108
4 3
3311 301651
3136 387542
3755 300694
18495 95
9 5
14421 578088
39928 208791
15686 531468
15732 529914
9576 870573
158286 52668
149017 55944
15466 539028
9177 908424
2 1
81274 644641
161078 325262
4 1
185485 329581
62169 983325
163783 373252
191026 320021
5 1
27886 2550
208319 33
24052 2170
290521 82
26769 2449
7 4
27006 2924
20953 2204
27749 2499
296144 25
25654 2508
27816 2894
283960 17
2 1
348358 311959
577451 581899
2 1
15474 47
3387 366000
7 1
87879 601839
843996 62665
90839 582228
125371 421860
518998 101906
415902 127167
211392 250194
9 2
3910 328091
3170 339844
3997 320048
3821 319954
10831 94
3645 330234
17576 45
3849 389299
3720 383337
3 2
24206 2608
24053 2901
232989 13
4 1
585491 988128
240117 933630
240250 924836
989763 137727
3 1
381080 456833
437519 721453
464896 353100
3 1
23028 2043
290690 94
26942 2450
8 3
714064 398711
413370 279766
862681 715156
360207 683576
994490 298333
793776 660449
724301 107011
62882 459233
3 1
316007 135150
247207 770346
459638 339266
4 3
144003 304446
411708 106486
747479 58652
436291 100486
3 1
110217 895497
502055 196590
375989 262505
10 7
3165 325002
3014 308916
3607 365178
10479 11
3455 373013
3086 350577
3967 391678
19262 43
11394 83
3121 313348
9 6
379299 675895
548310 158142
486946 152358
848554 920816
36847 91542
469486 700550
372552 128588
876517 322355
667946 281594
10 2
3554 343044
12230 28
3316 312883
3815 302439
3196 342476
10968 15
10940 97
3129 305214
3287 344524
3616 340125
9 6
3521 303875
12373 47
3676 382130
3704 310188
3889 383062
3846 304656
3864 333162
16492 90
3563 370969
9 6
294800 255076
308388 243837
425902 176558
115402 651604
201719 372778
97628 770234
261008 288100
302336 248718
422006 178188
7 5
844265 840183
267016 855152
191329 270169
399179 453675
998665 804982
99804 597055
776305 685865
10 10
1000000 1000000
1000000 1000000
1000000 1000000
1000000 1000000
1000000 1000000
1000000 1000000
1000000 1000000
1000000 1000000
1000000 1000000
1000000 1000000
3 1
422780 168146
222267 319835
402491 176622
4 3
10975 3
3190 387802
3716 349041
3224 321092
4 3
126936 254541
689333 46872
351288 91977
429226 75276
3 1
3169 324720
10298 54
3830 369992
9 3
36936 842669
808668 38489
71491 435367
595303 52284
43873 709430
595303 52284
32948 944665
105775 294255
160131 194371
3 2
22195 2721
241175 42
25561 2667
9 5
83421 267288
25116 887778
75348 295926
219558 101556
685906 32508
50232 443889
41366 539028
34658 643356
429226 51948
6 3
19512 69
3375 347565
3626 386760
13743 23
3507 348838
3189 378503
9 2
176106 77506
670150 579062
668116 318853
996477 850274
121913 999740
667516 158296
587882 32199
246497 740401
434918 26643
7 1
521330 693059
481254 509419
659596 227548
569603 172779
466897 504133
497040 457631
78053 352217
5 3
223944 99567
949716 23478
71208 313131
85914 259532
27528 809991
3 2
44746 399166
506798 35243
70610 252954
10 7
12330 95
3843 387501
3089 333405
3515 364711
3647 353097
18125 71
19309 55
3406 319072
3428 358337
3686 399363
9 5
568632 21483
32364 377454
970596 12586
683829 17864
623007 19608
115971 105336
272118 44892
18879 647064
14964 816354
6 4
679098 7956
98124 55062
106743 50616
237762 22724
60996 88578
62244 86802
8 3
3914 322475
15895 25
3208 360620
3062 399725
11944 9
3565 366373
3988 310676
3516 312246
9 3
25105 2750
25070 2308
23776 2767
28289 2302
29912 2038
20407 2830
208938 35
274943 91
21571 2991
10 6
43517 350087
176115 109300
778332 460894
686377 643409
314371 230834
596094 878019
222546 578596
377261 252701
194783 90735
850912 700157
5 2
137927 190070
884309 82780
167152 118138
342579 846522
641598 986694
10 4
3159 379818
3446 315607
16718 13
3363 396859
3995 353622
3838 373198
11456 79
3126 354609
3726 363395
17593 40
2 2
333336 56637
104139 181288
2 2
585684 16058
683298 13764
3 2
60372 369334
768453 29016
738668 30186
5 3
269514 184556
97092 512302
359352 138417
275931 180264
927768 53613
4 1
912919 79714
135000 539055
131680 552646
155620 467629
7 4
333661 289483
716537 134800
303120 318650
149905 644336
191318 504862
318650 303120
242447 398393
1 1
1 1
6 3
134239 219440
623527 622018
260014 896972
461457 987910
567006 611678
864035 979691
3 1
985516 418376
431308 260448
887437 601986
8 2
359479 157828
96461 588174
324849 174653
582145 97460
94521 600246
180851 313716
368209 154086
210118 270019
3 2
24574 2251
288476 50
29949 2727
7 3
217794 57
25670 2285
25375 2534
25402 2258
25788 2753
26918 2101
280416 70
7 3
337837 101271
190021 180049
818084 41821
552314 61945
60157 568730
165872 206262
807160 42387
8 2
13084 44
3381 319981
3911 393362
3457 346550
3170 379934
3849 377636
3831 320840
19867 3
10 5
878888 895755
383333 736905
287096 994885
644964 85158
488341 32602
918299 872327
197268 11856
196755 256282
705442 745473
945526 981791
3 1
21464 2241
215306 81
23148 2876
4 3
27425 2639
246039 1
29924 2577
27390 2004
9 5
46573 699137
53131 612842
182872 178053
72505 449085
235447 138294
44264 735607
60358 539463
950850 34244
309856 105084
2 1
262562 80
23864 2913
8 4
620931 157887
891599 452907
701030 256960
926771 677004
856918 329618
945238 142607
150424 919491
499387 204292
10 6
202538 57564
32292 361046
520812 22386
88504 131733
54612 213486
60996 191142
113022 103156
112217 103896
40664 286713
17612 661986
2 1
699626 824802
156333 308141
7 1
3554 346765
3649 338703
3031 334651
16388 8
3185 389726
12031 82
3258 350538
8 5
267288 203319
205884 263958
235683 230584
588924 92278
308826 175972
100491 540792
59508 913234
314244 172938
9 4
221652 108562
113045 212862
416221 57813
807564 29797
187630 128247
68649 350522
48975 491332
141026 170628
76147 316007
