100
2 1
100 20
200 10
2 2
100 20
200 10
3 2
100 10
100 10
100 10
4 2
9 3
7 1
10 1
8 4
7 4
674331 738632
182228 746540
734247 616450
448937 24382
690124 952451
425729 754891
433803 227659
9 3
80860 308832
224066 111450
676294 36925
31797 785362
218086 114506
591001 42254
320917 77815
49317 506360
102321 244057
5 1
3403 330769
19564 40
3503 370615
3522 319105
12565 32
10 2
307494 191581
174573 337452
547837 107532
524437 112330
505392 116563
656474 89737
682192 86354
296734 198528
165932 355025
422700 139366
10 6
681318 12236
321678 25916
43586 191268
355718 23436
12834 649572
10212 816354
794871 10488
14322 582084
25916 321678
16492 505494
5 3
29626 2704
20067 2177
21114 2649
210843 33
224599 45
6 1
28959 2030
248936 4
22112 2511
28379 2052
284252 48
26552 2239
10 3
670831 156042
741453 357958
137685 523779
233365 810205
912283 416055
425292 3426
834436 593198
340167 838806
224733 667332
825535 891875
8 5
235683 81016
68628 278226
42312 451269
271092 70434
157122 121524
243048 78561
875394 21812
834678 22876
2 1
501368 608637
8676 201977
7 1
28128 2757
21319 2814
25121 2402
217535 50
220976 69
21706 2855
24118 2104
6 3
32427 397978
23357 552521
201884 63924
273793 47135
113176 114028
30470 423539
4 2
3749 326206
3364 392038
3362 388015
16972 70
8 5
187891 65016
85932 142158
151032 80883
98952 123453
75516 161766
235683 51832
370359 32984
46872 260623
4 1
222045 48
28631 2934
29622 2983
20324 2949
3 1
28545 2132
244199 47
22531 2651
4 2
29868 2067
29447 2581
289210 74
21712 2224
7 2
29990 2255
28855 2175
23861 2951
228273 18
26686 2794
285086 8
24502 2378
9 2
55331 887177
590466 83135
970721 50569
121831 402922
81522 602149
53186 922957
146759 334483
911678 53844
78777 623131
8 6
326366 805688
618694 699598
265107 304347
256408 850970
625572 369894
468802 216860
363931 689430
411926 845141
10 10
1000000 1000000
1000000 1000000
1000000 1000000
1000000 1000000
1000000 1000000
1000000 1000000
1000000 1000000
1000000 1000000
1000000 1000000
1000000 1000000
9 4
328608 525901
13051 89560
694710 793890
519804 619176
726434 426811
836009 697326
537828 811703
593904 168952
986113 390006
3 1
22049 2243
231389 2
29819 2647
1 1
1 1
6 1
20105 2535
262950 5
25110 2038
29741 2576
26934 2562
211894 4
6 1
3641 302973
3535 329140
3745 353437
17766 72
13119 42
3835 319609
10 7
89786 978598
116714 752818
781385 112447
967595 90807
833138 105462
141926 619086
169553 518212
670209 131100
100818 871515
286543 306636
4 2
159458 568024
967196 93648
330795 273813
894878 101216
7 4
3026 334999
14167 2
16227 36
3454 353218
3991 329727
3250 352719
3146 367145
9 2
3678 341932
13826 93
19299 2
3792 315978
3500 337133
3614 365948
3463 398962
3874 357882
3272 336459
9 5
38502 253708
54366 179676
49569 197064
142324 68634
147798 66092
842673 11592
796824 12259
60996 160146
67896 143871
3 1
10846 34
3064 373720
3583 355933
5 3
233864 89397
53406 391468
106764 195822
148092 141174
56826 367908
4 2
220998 87
23366 2902
27873 2859
27922 2654
9 5
475524 27434
69832 186813
33669 387464
405594 32164
30702 424908
34916 373626
20097 649128
48433 269352
763164 17094
5 2
197268 374223
173153 426341
157994 467247
390051 189263
829603 88985
6 4
329189 45144
327672 45353
171864 86469
784548 18942
116809 127224
681912 21793
9 4
178230 402124
155853 459860
190897 375441
268189 267239
310799 230601
521104 137536
114168 627764
442706 161892
903699 79308
2 2
43993 373464
570836 28782
10 3
914256 363017
221390 565613
967566 200890
147562 48033
382787 437214
223727 396898
171123 565699
873425 853579
967776 652187
57619 879772
10 6
118488 254722
340334 88682
147069 205220
40958 736889
116101 259959
812707 37137
675428 44685
772775 39056
384512 78493
454021 66476
3 1
3136 375304
3717 374005
10224 10
8 5
20476 2719
24191 2795
279042 57
25709 2204
25001 2613
272539 48
29719 2323
22527 2204
7 3
39134 518982
699644 367078
414148 383264
899833 912058
47782 550487
3278 191361
90181 577050
3 2
154008 201761
296856 104673
125419 247752
3 1
54051 877477
238254 199067
202796 233873
3 2
14076 321594
7866 575484
127224 35581
8 3
19270 59
3721 340844
3284 357730
3059 365716
3205 390489
11265 88
3292 398350
3472 372162
2 1
606973 755394
139784 527539
6 3
782880 120975
794218 119248
545398 173651
714795 132498
962440 98405
861554 109928
4 3
31492 64971
749841 244473
765560 447703
965412 249339
8 4
3799 351545
3120 365660
3463 378694
3153 349700
3593 306512
17027 76
3716 385158
14667 58
6 4
333207 145928
801864 60639
601398 80852
53244 913234
613524 79254
111069 437784
10 4
323103 217829
881079 476979
694597 708120
312047 986061
878043 247211
578853 992776
999180 434013
988205 345040
606235 685766
2297 330749
5 2
132988 545287
583447 124290
368683 196691
119229 608213
890135 81467
9 5
77273 731021
962700 340203
539488 542083
737544 874664
652505 181475
632535 583849
851973 760922
721713 65053
22975 125830
3 2
16122 51
3448 331898
3793 384633
6 3
20668 2853
269816 18
21736 2120
22296 2570
28641 2682
230487 23
4 2
918137 716599
372665 572580
829430 322993
910636 708486
9 5
93912 114057
35604 300846
64467 166152
15834 676476
694278 15428
12006 892164
171912 62307
286767 37352
25714 416556
5 2
729691 552923
607318 769930
929331 762898
403454 456729
949644 173598
3 2
33948 680862
243294 95004
666414 34684
10 7
28122 648533
23246 784567
403568 45192
25309 720615
562538 32421
120865 150896
880257 20719
31847 572677
435525 41876
458888 39744
7 5
3962 345292
12040 56
14435 83
3345 370502
3306 385571
3711 371094
3132 371794
5 1
21487 2179
26636 2823
259278 63
25061 2071
262646 78
7 1
20676 2569
226508 7
20382 2800
22852 2946
21446 2893
27180 2108
209349 13
9 5
128557 61992
24882 320292
41943 190008
72072 110577
10296 774039
221154 36036
91553 87048
706266 11284
16588 480438
7 5
21196 2736
21256 2384
282043 1
290381 82
28703 2651
21681 2304
23594 2098
8 5
59508 34034
19656 103037
2184 927333
18564 109098
654588 3094
2856 709137
42978 47124
151844 13338
10 6
498168 5187
152152 16983
831402 3108
334152 7733
363636 7106
7524 343434
250971 10296
895356 2886
7854 329004
14212 181818
2 1
16934 49
3897 337510
8 4
290799 304704
152055 582734
727610 121779
245913 360321
387732 228528
952340 93042
119123 743833
93042 952340
3 1
213677 21
23038 2783
26524 2916
6 3
15353 49
3079 388390
16066 98
3769 354349
3513 302993
3830 311219
3 2
68634 453908
151032 206271
34317 907816
2 1
350280 242759
265273 728559
9 5
286272 451208
376749 448659
309740 816408
293583 549223
257639 139152
649631 801659
10700 377275
834328 345176
34588 224614
5 1
10163 22
15105 94
3287 379869
3483 372648
3258 310560
9 4
293161 475604
612241 762812
637964 564029
42901 533226
575557 398327
673831 800339
745559 331623
554207 431477
216832 893343
6 1
3916 340260
3200 399813
15843 59
3091 315915
3930 317692
18338 12
2 1
258102 47
28886 2184
9 5
19836 951762
33201 568632
33669 560728
20706 911772
27608 683829
815796 23142
455886 41412
134676 140182
184212 102486
8 5
124566 771086
280409 897540
751363 850585
940947 786375
974712 138287
604418 854672
81064 554772
140931 582173
6 4
231442 698668
371142 160376
440019 465574
184829 797953
603200 153006
880667 626242
6 4
13923 568632
235144 33669
995106 7956
426474 18564
138159 57304
19608 403767
6 3
25080 2819
22130 2617
266848 48
20572 2671
22381 2545
249096 91
10 6
694453 83333
313444 184629
975209 59342
88573 653369
614412 94189
468662 123481
528839 109430
91153 634876
931208 62146
331194 174734
2 1
569471 130269
643677 115251
3 2
147004 571700
106874 786367
184299 456010
6 1
182443 491547
451870 124036
854932 712602
693797 548287
211327 872337
444791 853308
5 2
3415 345484
14417 50
3024 354223
18062 89
3079 303203
6 4
3591 347347
18876 42
16042 66
3934 337959
3733 333872
3801 392993
2 1
406956 58984
74163 323664
2 1
588245 37635
729852 30333
3 2
3953 329770
3930 325139
11607 30
2 1
12820 23
3666 365164
