100
4 2
5 2
6 2
1000 1000
1000 1
1 1
500 86
999 256
425 405
1000 255
2 1
593 552
730 670
399 373
691 567
1000 500
500 249
500 500
407 379
500 245
1000 128
500 255
291 278
999 306
999 512
500 499
3 1
500 250
999 487
500 1
5 1
999 128
500 244
3 2
521 437
999 1
423 394
460 347
1000 2
999 127
1000 502
1000 499
500 128
999 499
257 229
999 511
999 2
840 799
555 529
673 653
999 488
412 309
1000 256
945 775
989 761
1000 511
433 329
742 670
315 240
999 497
522 464
860 845
1000 489
739 589
1000 307
917 781
437 351
500 248
500 233
500 117
999 999
897 736
999 498
500 116
426 415
992 940
2 2
999 998
630 514
736 595
1000 512
1000 999
807 636
330 268
4 1
999 255
1000 498
500 127
288 264
500 2
1000 488
500 256
768 763
762 712
812 664
1000 127
967 732
533 476
560 426
674 578
