100
4 2
5 2
6 2
1000 1000
1000 1
889 845
392 375
1000 999
999 487
1000 127
2 1
999 127
4 1
620 501
680 664
584 485
999 488
500 250
674 619
953 740
727 560
999 426
3 1
947 798
500 500
898 891
813 722
1000 498
1 1
999 499
1000 491
384 289
1000 500
1000 499
500 116
736 562
999 511
500 2
626 515
1000 512
1000 489
500 255
999 1
449 377
1000 511
341 308
1000 256
500 499
649 521
260 257
765 707
5 1
535 506
1000 255
999 496
500 256
988 753
1000 2
770 714
319 260
579 439
500 249
999 255
999 2
500 117
848 686
291 280
913 836
940 918
500 248
662 634
669 570
999 498
2 2
726 590
999 512
999 128
1000 331
782 772
500 195
3 2
500 80
999 256
999 998
999 497
419 402
500 127
500 128
1000 128
914 887
500 245
1000 488
520 507
500 1
293 221
999 999
872 701
538 450
500 244
302 270
