100
4 2
5 2
6 2
1000 1000
1000 1
999999 491943
3 1
500000 262144
500000 127
500000 237856
500000 262143
999999 999999
500000 192340
999999 127
1000000 479961
773507 591346
333539 257865
999999 999998
471223 375939
1000000 524287
524362 522833
853867 763506
414702 348614
1000000 1000000
500000 249998
1000000 2
999999 2
500000 131071
427686 381506
500000 500000
999999 262143
715625 569027
2 1
426901 367971
500000 249999
513535 473789
500000 243146
927796 912578
274201 239675
840717 743001
1000000 499999
999999 418612
931462 787505
1000000 499998
881523 782860
263552 212609
999999 524287
999999 128
667153 564804
447408 406832
782687 685510
2 2
1000000 262143
561359 545935
685309 589646
978751 764086
999999 475712
287664 283447
500000 1
500000 250000
500000 2
999999 1
999999 524288
999999 499998
500000 128
480102 427457
759592 583064
1000000 262144
1000000 1
1 1
313755 286381
1000000 475712
5 1
1000000 524288
1000000 330819
1000000 500000
970221 921892
912293 856192
500000 131072
3 2
1000000 128
442545 430203
500000 499999
491703 482406
4 1
1000000 999999
1000000 127
749501 718330
500000 237857
999999 499999
999999 475711
931228 900664
999999 262144
876719 845080
529701 432706
293986 271690
413180 311378
1000000 475713
999999 499997
278436 253330
