100
2 1
500 300
900
660
2 1
500 300
1500
809
2 2
50 100
450 449
1100 1101
2 1
500 300
300
500
1 8
10
11 13 17 11 16 14 12 18
2 8
9 7
14580 15893 16677 16200 15755 16873 16630 14580
12739 12600 13355 13860 11363 12674 13860 13839
2 3
29756 648472
928138 999510 926283
996619 431529 722164
1 5
2
1200 1276 1080 1238 1197
2 8
1 1
1000000 999999 999998 999997 999996 999995 999994 999993
999992 999991 999990 999989 999988 999987 999986 999985
2 4
5 3
927 1078 1000 916
600 576 575 608
1 2
87377
833081 811781
2 1
5 9
2510
4518
1 1
1
2188
2 1
4 6
8750
12290
2 2
4 9
880 400
1620 900
2 2
7 10
7 7
11 10
1 7
7
15750 17074 17500 16559 18905 17500 18084
1 1
10449
862197
2 3
8 8
8 29 16
16 8 29
1 4
9
2865 1980 3600 872
1 4
3
313 307 300 286
2 4
1 10
900 1031 999 989
11000 9640 10235 9990
1 8
10
2 4 6 7 5 3 1 8
2 5
9 4
4500 14460 3939 18176 17820
2000 1509 8392 6480 6881
1 5
6
2160 1181 2926 1800 645
1 1
8
44
1 1
1
1115
2 5
7 3
15153 14000 12600 13044 12924
6174 6000 5436 6600 6274
2 8
4 4
1184 401 2934 727 2581 1600 2990 2200
1800 751 421 3138 1600 1131 2986 2484
2 8
263671 775705
982851 992465 820096 899377 869443 764279 744323 364379
312179 971060 765199 849946 925216 714609 789430 953422
1 3
8
3520 3221 3232
1 3
8
6680 7216 7006
2 1
9 3
903
278
2 2
2 6
206 5311
616 14975
2 8
8 4
11520 7620 8000 4876 11806 11520 1582 17085
4000 2547 5960 3883 7040 8198 751 7040
2 1
3 3
9
9
1 7
7
720 679 738 770 672 847 706
2 8
8 6
6400 4400 2400 1515 3002 6021 5179 863
4587 1800 1300 4800 3691 2700 2339 652
2 6
8 5
11395 10800 12892 10813 12000 11573
6916 7385 8250 6831 7935 7500
1 1
6
6523
2 5
6 1
10800 11880 1872 11131 1206
213 305 1620 1865 1800
1 5
235412
999864 890597 821398 877680 675724
2 8
9 8
99 63 61 63 54 81 54 37
59 51 29 56 51 88 72 48
1 6
1
1 1 11 1 1 1
2 3
5 4
500 1552 926
787 1226 400
2 8
8 9
2248 2160 2444 2602 2160 2591 2400 2237
2667 2753 2970 2563 2970 2518 2669 2700
1 4
88914
811626 325695 881250 924916
2 6
9 3
28 34 76 45 81 36
9 24 12 33 15 11
2 6
4 2
36 24 21 28 4 20
12 2 11 11 22 14
2 8
538137 445936
549850 824024 577415 717604 947594 877923 727999 767255
829838 998775 350347 860881 526864 853779 766117 849076
2 6
10 4
3300 4000 966 5704 5305 2051
2103 787 382 1080 1600 2234
2 4
2 2
2880 1228 4059 4142
4168 3520 1080 4048
2 2
8 3
800 1760
300 540
2 8
7 8
15400 15477 14014 13498 15077 14014 14469 15311
15312 14505 14400 16016 17236 16016 16489 14472
2 1
313758 74614
578478
984572
2 1
1 1
2300
2497
2 2
6 2
35 42
14 11
1 6
728229
719456 233657 946384 634085 491085 565763
2 5
8 3
6329 5760 6400 6261 6647
2297 2400 2397 2640 2553
1 1
8
13725
2 1
7 2
662
200
2 3
42897 167800
991429 761727 753642
875208 731764 972167
2 2
8 10
64 24
27 80
2 8
3 5
2640 1495 1632 293 2274 810 654 1200
2401 2000 499 3600 1650 3844 1092 2846
2 5
9 7
903 912 900 810 840
770 754 637 630 700
2 8
6 1
6 66 24 54 12 38 42 39
7 6 9 11 1 7 4 2
2 8
6 8
6 6 6 6 54 66 6 6
88 8 8 8 72 8 8 8
2 3
2 1
1324 1278 1378
767 683 781
2 8
2 9
18 2 2 2 2 2 2 18
9 99 9 9 9 9 99 9
1 7
3
879 983 813 837 906 810 940
2 8
1 6
2181 2242 2300 2072 2422 2374 2300 2070
15180 15016 14834 12485 13800 12613 13800 14712
1 3
7
35 63 14
1 3
1000000
899999 900001 900000
2 8
414428 394893
965671 845848 731147 682045 851159 973084 850428 934932
889176 893130 435669 382571 532299 285438 805784 995407
2 3
10 5
3128 939 1800
1100 1501 498
2 6
4 8
36 23 12 26 4 36
8 88 51 24 88 49
2 8
10 3
11 90 10 90 10 10 10 10
33 3 33 3 3 3 3 3
2 2
1 9
800 833
7200 7875
1 6
9
3542 900 5400 2839 4050 1966
2 7
10 2
9900 8361 9533 9000 9900 9504 8348
1620 1800 1620 1954 1734 1649 1725
2 3
2 1
12 12 12
6 6 6
2 8
8 7
11317 10394 10080 10084 11200 12320 11282 10882
9800 10780 10141 8866 9068 8820 9801 10682
2 8
17471 5387
807771 772476 95602 757578 143460 992991 763258 791693
587700 918347 880190 909594 804783 709618 996182 909845
2 8
1 3
1300 1863 1803 1095 1760 100 2500 439
300 7500 5358 3938 5321 4320 3050 1165
2 4
2 8
2218 4224 880 608
2613 9084 18320 2880
2 6
4 2
16 8 44 21 28 12
14 4 8 18 6 11
2 1
193403 184470
468366
829181
2 8
1 1
601 654 671 549 652 596 602 623
596 583 671 549 636 602 648 559
2 1
2 2
2592
2592
1 8
8
7200 3600 14080 19313 17347 2502 7069 10928
2 1
10 8
900
880
1 7
2
3194 720 2969 2200 4791 391 1200
1 2
10
10 90
1 6
760093
925103 738399 626850 955242 970731 424509
1 6
560788
837408 982492 573892 951425 959445 926614
2 7
9 4
9878 8993 10157 9927 10389 9864 10890
3960 4524 3994 4489 4412 4387 4384
1 4
2
3351 3299 3031 3202
2 2
5 3
5 5
3 3
1 4
5
900 977 933 1075
2 8
126477 468445
379294 997304 613279 762582 132202 809548 963887 683678
978600 797466 742099 671136 659482 970071 990398 642128
