100
2 1
500 300
900
660
2 1
500 300
1500
809
2 2
50 100
450 449
1100 1101
2 1
500 300
300
500
1 8
10
11 13 17 11 16 14 12 18
1 3
1000000
899999 900000 900001
2 8
2 2
5280 1099 2520 1095 4600 4697 4732 600
4320 4600 1085 4880 3080 4383 600 1200
1 2
5
5 5
1 2
9
67 61
1 6
10
20 90 31 60 9 10
1 5
67811
299002 999935 912638 382009 904639
1 3
7
1260 2197 766
2 8
383096 942337
821124 789291 786224 879660 619816 527558 568530 982749
707995 848356 743332 619052 389769 674979 846280 951113
2 1
4 2
8
4
1 7
1
2102 2420 2004 2240 2198 2256 1980
1 4
7
1313 13860 10815 10269
2 8
1 7
9 2 4 2 6 8 4 3
42 23 56 14 14 26 28 77
2 2
1 8
102 102
816 787
1 2
2
880 3800
2 8
148896 100665
636154 992831 995720 229119 994753 729797 436370 672836
964444 659405 838748 841390 797144 621863 988007 341845
2 1
6 9
6600
9900
1 1
9
20697
1 7
8
8 8 8 8 72 8 8
1 3
68097
868241 333838 858908
1 2
8
3176 2880
1 6
253329
302416 989654 804643 981146 847879 984221
1 1
6
7200
2 2
2 5
210 428
989 512
1 5
4
370 1200 1760 2152 842
2 1
66617 74317
530013
909918
2 5
2 1
22 10 16 4 9
8 5 2 5 9
2 2
4 2
440 800
180 400
2 7
4 2
17 8 4 20 29 36 8
4 16 4 22 2 8 11
1 4
6
600 1980 2338 1231
2 6
6 10
609 9573 13800 5280 10173 6882
15495 23000 15875 1080 7200 11847
1 1
8
8824
2 5
345305 916854
827001 521892 759865 807664 900992
395678 839573 615709 798324 965125
2 4
10 9
18037 18859 17586 18020
16218 16526 15116 15643
1 7
926011
950677 986680 49147 453327 902371 336125 948223
2 8
6 10
18 6 31 46 48 54 66 11
90 80 11 76 19 110 30 45
1 4
6
11477 7510 1270 13200
2 7
2 1
22 6 16 12 9 14 13
6 5 8 3 7 6 9
2 8
4 2
4386 4800 5202 4800 5164 5280 4998 4467
2447 2160 2471 2400 2400 2297 2328 2618
1 2
821401
816705 954477
2 2
2 10
3400 3060
17000 18700
2 7
3 5
4956 4621 4816 5100 5176 4884 4590
9350 8332 8500 9340 7975 7770 8790
2 5
9 10
16200 14709 4289 6480 21818
26392 18879 18000 4837 8800
1 2
2
932 953
2 1
8 6
16681
13194
2 8
5 9
2605 2750 2552 2456 2250 2723 2701 2500
4745 4540 4598 4050 4543 4500 4081 4950
2 8
1 1
1000000 999999 999998 999997 999996 999995 999994 999993
999992 999991 999990 999989 999988 999987 999986 999985
2 8
5 4
4000 476 1002 2414 2824 1500 3800 1800
2211 1200 1916 867 3200 1760 361 2872
1 8
10
7 3 4 6 5 1 2 8
1 8
4
807 4320 8800 4373 8254 6000 5235 11000
2 6
425742 123624
833540 509581 696258 437271 672561 560151
972476 809333 788947 929751 632649 832745
2 7
7 4
13090 12417 11872 11907 11080 10710 12158
7480 6120 6789 6798 6804 6784 7036
1 1
353867
832048
2 8
8 5
21120 19200 18881 20088 17280 19045 19200 20404
10800 13200 12000 12968 12647 12000 11817 12837
2 1
2 2
3271
3197
1 7
4
3059 2955 2806 2678 2641 2520 2800
1 3
10
80 60 90
1 6
8
16830 16840 16895 15627 15120 15120
1 6
46722
185884 882286 830450 985217 420113 633309
2 5
3 1
5987 3844 3270 990 1500
270 500 2090 1421 1106
2 8
7 7
7 7 7 7 7 7 7 77
7 7 7 7 7 7 63 7
1 7
614859
823853 417356 626566 977792 473011 967205 364592
1 2
4
406 880
1 5
10
2737 4277 19000 11300 9000
1 5
235412
890597 877680 675724 821398 999864
2 5
10 6
10 9 10 10 90
6 66 6 6 6
2 4
7 1
11340 7685 13817 9563
1980 1027 1393 1920
2 8
5 10
3608 4005 4017 3809 3645 4188 3600 3696
8800 8010 7647 8910 7283 8122 7318 7918
1 2
6
14400 14482
2 8
68857 7990
645154 836589 932643 627305 908062 568584 838967 357100
885926 742629 858832 950974 199731 641760 928861 962076
2 4
3 4
6036 5985 5642 5400
7980 8800 7417 7363
1 5
6
7869 7312 7986 6863 7206
2 8
9 7
12960 14374 14400 15840 14312 15515 14400 13704
10650 11200 11200 12320 11245 10080 10260 10492
2 4
5 2
2500 2380 2558 2250
1000 1100 941 1051
1 7
5
3049 2000 1650 1022 538 2304 3653
1 3
3
3685 3841 4219
2 6
10 3
17000 10405 21465 17491 9710 22000
2896 5100 5010 5400 3002 6313
2 8
8 1
3177 5760 5600 4506 4104 799 1600 2160
96 200 516 330 422 700 880 549
1 1
1
8
2 8
2 4
1179 400 189 880 1400 575 1011 1595
2331 3452 2138 1440 1278 386 800 2800
1 6
8
46 52 32 56 88 72
2 8
2 9
2 22 4 6 2 11 14 2
9 81 45 27 62 18 9 9
2 1
10 2
1100
180
2 8
1 8
1270 1430 1177 1179 1412 1417 1236 1300
10530 9360 11528 10400 9420 11176 10178 9627
2 4
8 7
8 8 72 8
77 7 7 7
1 5
10
3600 930 2102 3159 5000
2 8
6 8
66 54 6 6 6 6 6 6
8 8 8 8 8 72 88 8
1 5
5
2092 10188 4000 998 9900
2 3
2 1
18 12 4
2 11 6
2 1
4 3
367
270
2 8
4 10
4680 5243 5200 5200 5720 4722 5605 5273
11720 12395 13337 12010 13000 13000 11700 14300
2 8
6 2
5635 12319 7229 11772 5400 12808 3240 10800
1320 1941 2396 3600 4075 4113 1800 4154
1 8
7
35 54 7 61 49 77 39 77
1 2
193862
669193 293663
2 4
8 3
1708 2400 3520 853
900 300 557 1080
2 5
1 9
100 304 440 200 474
989 4101 1800 3240 2710
