100
2 1
500 300
900
660
2 1
500 300
1500
809
2 2
50 100
450 449
1100 1101
2 1
500 300
300
500
1 8
10
11 13 17 11 16 14 12 18
1 5
4
36 32 26 23 32
2 5
5 8
29 15 11 25 55
38 24 72 16 47
2 1
522335 621921
379716
835657
1 3
91270
956426 984380 993282
2 8
8 10
5760 6085 5760 6729 6400 6938 6677 6706
7753 8800 7322 8800 8472 8246 8448 8000
1 8
10
3198 4060 4523 6600 2000 900 8723 7000
1 8
3
5940 5278 3000 549 6113 6900 6205 3390
2 8
1 6
1867 1900 1930 2090 2021 1762 1780 1900
11803 10260 11400 11537 11047 10578 11400 12432
1 2
10
20833 21636
2 8
8 8
65 58 88 48 8 8 72 16
68 88 50 72 8 15 59 8
2 5
355290 67107
808368 797793 988668 931044 845786
805064 885273 978436 872018 848546
2 7
7 1
8195 11900 11921 8708 5670 4443 17500
1674 1273 2500 628 990 1700 1267
1 2
147032
810016 951529
2 4
430156 58767
962992 381021 755851 935704
424389 258314 631608 720071
1 1
6
12
2 8
67018 186345
747952 524471 700028 842360 511790 976362 951250 824865
844167 884619 492883 524279 869147 415140 458014 574017
2 7
4 6
2995 2410 818 1080 1917 411 1600
655 2400 3445 1219 2800 4551 1980
2 1
3 10
7328
22751
1 6
6
3960 660 1799 1200 3172 2255
2 8
6 6
66 24 12 45 48 66 32 27
29 42 24 54 54 48 12 33
1 7
8
10532 10410 9382 10079 9600 8766 10560
1 4
1
674 630 700 631
1 2
4
2750 5600
1 1
7
17507
2 4
2 2
220 412 5088 3115
3124 4500 180 429
2 8
4 5
1222 3384 2616 2551 1760 2000 398 729
4259 3243 2500 1627 1800 2749 955 493
2 8
5 7
5 5 45 5 45 5 5 5
77 77 7 7 7 7 7 7
1 3
1000000
899999 900000 900001
2 8
7 4
17710 16065 14681 15864 14889 16501 14543 16107
9044 8851 8280 8379 9180 9204 8455 9490
2 3
7 9
15826 16052 13293
18245 20889 19463
2 8
134266 160165
536555 951930 587398 837581 926068 182622 827419 949026
555083 650948 587206 619360 838085 936762 911659 935281
2 3
4 5
2784 2693 2520
3266 3850 3480
2 2
7 4
63 38
20 44
2 8
3 2
18 24 17 3 12 24 3 27
2 13 16 16 11 22 8 2
1 3
1
413 360 385
2 1
153333 126224
940250
796622
1 7
6
1951 1097 2400 3113 4138 3960 660
1 3
7
630 1360 1918
2 1
3 8
4529
12944
2 6
1 3
1915 1890 1767 1800 500 1508
1500 5237 6930 5365 4880 5400
2 8
7 4
17735 3285 13230 7560 8400 5939 1433 17500
5280 821 3262 1990 9671 4800 9240 10000
2 2
4 2
13 28
14 6
1 7
8
17001 17961 17608 18697 15912 19448 16634
2 8
3 10
4000 4290 3626 3904 3915 3510 3740 3843
13978 13695 13050 14300 14322 12124 12465 11700
1 8
10
1 6 5 4 2 7 3 8
2 3
7 10
77 57 14
90 20 79
2 8
4 3
2196 2209 2404 2526 2402 2613 2317 2684
2013 1811 1841 1902 1793 1803 1647 1885
2 8
7 3
7 7 77 7 7 7 77 7
3 27 3 3 27 3 3 3
2 2
10 8
1000 2057
1728 800
1 3
1
200 276 107
1 8
5
20 20 38 45 40 15 9 16
1 6
126175
452593 947479 978340 835734 632227 983981
1 5
1
9 3 6 4 5
2 3
191010 42369
888979 694862 969193
903460 449051 550582
1 4
10
1000 14878 20346 25529
1 2
10
22359 21372
1 2
9
9 64
1 6
5
6000 6305 5410 6600 5472 6000
2 8
5 1
8164 9085 9000 9900 8281 8100 9180 9826
1843 1915 1620 1980 1800 1902 1813 1649
2 5
9 6
3245 3618 3240 3841 3367
2224 2640 2176 2412 2660
2 2
172999 70021
685854 970497
960371 883098
1 2
9
15409 14744
2 5
9 6
4050 4500 4925 4729 4336
2709 2931 3000 3300 3168
1 2
9
9 9
1 2
488964
800258 998584
1 2
5
949 499
2 2
225616 260792
171321 299681
985324 325992
1 3
10
15983 21223 1068
2 7
8 9
8 88 8 8 88 8 8
9 9 81 9 9 81 9
1 2
6
1250 660
2 8
8 6
72 8 8 8 72 8 8 8
6 66 6 66 6 6 6 6
2 2
3 5
2561 3817
6464 4101
2 8
7 6
690 3850 2266 4172 5980 1400 2945 4900
541 2700 1864 1200 4200 2362 4946 3400
1 4
2
2790 2922 2790 2599
1 6
4
1171 1196 1269 1223 1080 1208
1 6
4
12 30 29 30 8 36
2 6
4 10
9158 6943 1320 8795 8000 7182
18145 18779 22562 20000 2700 22434
1 2
9
19027 20700
2 8
731866 547210
934913 887423 886524 997597 944894 606985 130501 733827
965149 838151 561450 430098 439742 607928 975689 888084
2 8
8 10
48 63 17 64 25 72 8 62
88 80 60 9 20 74 32 110
2 8
2 5
2600 440 595 3400 1600 423 5111 1620
8500 1451 13566 4000 4950 6210 900 911
1 8
5
911 990 1047 945 1111 1067 945 953
2 8
5 3
2000 3750 1569 4387 550 961 2700 2437
906 1352 1200 552 1980 1986 2476 270
2 8
1 10
1600 1667 1603 1736 1464 1600 1529 1440
16000 16017 15569 16000 17600 16612 16383 16492
2 2
7 4
664 1359
765 417
2 8
141368 17812
765432 933101 999606 879840 860768 788567 766398 627964
923762 976454 556057 128229 767714 384316 767709 979530
1 8
7
16919 17013 16800 15665 16800 18431 15399 18480
1 5
235412
999864 877680 890597 675724 821398
1 6
7
4155 5600 2048 13437 15382 13860
2 1
3 9
3
9
2 2
1 8
200 108
1600 803
2 8
1 1
1000000 999999 999998 999997 999996 999995 999994 999993
999992 999991 999990 999989 999988 999987 999986 999985
2 5
4 4
5280 3444 800 2452 3663
4320 2413 3588 3602 800
1 4
2
2883 3000 3300 2878
2 8
5 7
6783 5170 7307 9500 10450 6415 8124 5500
7532 8384 13300 9617 11970 9897 11576 6300
